170.85621905085384 6.276733641325243 25.39637067325981
170.77628492037624 5.996237983676784 26.48914779394318
170.7599084771264 5.919767296244395 26.80429248372146
170.77162513542913 5.975435289426765 26.574117275889105
170.85621905085384 6.276733641325243 25.39637067325981
171.09681655961253 6.627543381065823 24.169862686083214
170.93858593352067 6.449178054850032 24.773507290255807
105.67377334796736 3.2524311793015026 28.123897280055882
105.66821579779682 3.2592358162815587 28.070347204877017
105.67088113696227 3.255965725564627 28.096055554824417
105.67515324675358 3.250751292218753 28.137149953230484
105.67340458973786 3.2528814537646484 28.120347407776197
105.67059802906213 3.2563122575585983 28.093328900613336
58.31935979324286 1.5463326814462948 28.128005984874317
58.32046376853034 1.5458732420270813 28.135222752216794
58.3213018981547 1.545524588007952 28.140701786625897
58.32006431301535 1.5460393450243646 28.13261308063947
58.32305420601143 1.5447964393323517 28.15215183165307
58.32268830616211 1.5449483904221626 28.14976159580085
58.31769062156018 1.5470277441530569 28.11709507626005
105.67446981964225 3.2515832380942022 28.13058519073242
105.67437534901299 3.25169820426853 28.129678234300176
105.67721029445316 3.248253221674677 28.156881015135315
105.6776400137981 3.2477323416460413 28.160998784334712
170.84553285326328 6.24602304018249 25.511351953727637
170.7710353241869 5.972751693184082 26.585119639055762
105.67535389176685 3.2505074353515115 28.13907484159347
105.67669480675936 3.2488785206783874 28.15193941060172
58.323693806405714 1.5445306716721705 28.15633314097277
58.32439341610532 1.5442402343100512 28.160904214959423
58.32483553986134 1.5440566566622063 28.163794129958145
58.3244741032941 1.5442066807001724 28.161432318156407
