102.17136111111111 38.47955555555556 nan
102.17144444444445 38.47936111111111 nan
102.17105555555555 38.47888888888889 nan
102.17716666666666 38.47386111111111 nan
102.16869444444445 38.476194444444445 nan
102.16869444444445 38.476194444444445 nan
102.17483333333334 38.47680555555556 nan
102.17111111111112 38.480000000000004 nan
102.17136111111111 38.47955555555556 nan
102.17144444444445 38.47936111111111 nan
102.17105555555555 38.47888888888889 nan
102.17716666666666 38.47386111111111 nan
102.16869444444445 38.476194444444445 nan
102.17136111111111 38.47955555555556 nan
102.17144444444445 38.47936111111111 nan
102.17105555555555 38.47888888888889 nan
102.17716666666666 38.47386111111111 nan
102.16869444444445 38.476194444444445 nan
102.1738888888889 38.476222222222226 nan
102.17483333333334 38.47680555555556 nan
102.18305555555555 38.47944444444445 nan
102.15694444444445 38.47833333333333 nan
102.15833333333335 38.48305555555556 nan
102.15777777777778 38.4825 nan
102.14986111111112 38.48883333333333 nan
102.14463888888889 38.49133333333334 nan
102.14250000000001 38.49194444444444 nan
102.14472222222223 38.48444444444444 nan
102.14986111111112 38.48883333333333 nan
102.14463888888889 38.49133333333334 nan
102.14716666666668 38.48994444444445 nan
102.14666666666668 38.48988888888889 nan
